 4.56688
 1.96251
  1.6445
 1.89736
  1.5163
 2.98866
 2.22294
0.894619
 1.00949
 1.76815
  1.6538
 1.84172
 1.51525
 1.32374
 1.65249
 1.66715
 1.37945
 1.60398
 1.30059
 1.36654
 1.36915
  1.3716
 1.14672
 1.16163
 1.34707
 1.27375
 1.06701
0.886573
  1.2661
0.646124
0.602171
 0.63859
0.621047
 0.58125
0.569127
0.589295
0.590578
0.594225
0.616919
0.773919
0.724714
0.761174
0.777605
0.692062
0.657817
 0.89001
0.781714
0.752337
0.731527
0.815157
0.688615
0.567274
0.566412
0.583955
0.571411
0.564979
0.566332
0.567243
0.568135
0.565791
 0.58617
0.569909
0.567544
0.564087
0.568256
 0.57073
0.568786
0.590278
0.575789
0.570921
0.572113
0.571912
0.572073
0.570931
0.588243
0.566943
0.572253
0.568756
0.568807
0.570149
0.566652
0.567624
 0.56011
0.562815
0.558707
0.557646
0.562354
0.558677
0.571011
0.560871
0.563877
0.558237
0.557635
0.556433
0.563316
0.577263
0.565811
0.564439
0.409862
0.415053
